
194 192 192 189 194 196 202 193 193 195 197 197 197 195 209 187 198 194 188 190 
196 196 221 194 197 195 205 197 197 195 196 194 194 194 193 193 189 182 194 194 
197 175 196 193 193 181 197 193 192 202 195 194 196 192 197 195 104 198 195 138 
194 197 197 229 195 193 210 198 195 197 195 195 194 198 195 193 192 206 198 195 
198 192 198 197 201 193 194 191 196 194 195 197 194 193 197 197 197 195 205 194 
191 195 200 203 194 198 184 195 193 193 195 194 195 202 182 193 195 191 217 196 
193 194 201 197 194 196 195 199 193 199 198 193 199 196 195 197 194 211 193 193 
191 193 197 197 166 192 196 195 196 197 198 171 194 195 193 199 197 194 216 186 
194 195 207 194 197 198 194 193 197 190 194 195 195 205 197 197 207 197 193 193 
181 195 195 195 195 197 205 193 195 197 197 195 194 192 197 197 194 198 195 193 
195 237 198 199 174 192 197 192 189 183 194 193 194 195 193 209 201 197 196 190 
195 197 198 194 195 195 197 168 194 195 194 198 209 193 199 195 185 205 194 198 
191 185 192 192 197 197 194 196 194 197 198 191 186 197 198 170 186 195 194 196 
195 195 197 195 185 193 194 194 195 210 198 197 194 201 198 195 209 196 198 197 
195 198 197 117 195 198 238 197 194 195 197 195 196 205 194 197 192 183 199 198 
194 194 197 197 198 198 196 193 194 194 195 194 198 109 210 196 198 169 198 195 
315 194 193 197 184 190 194 196 202 191 194 196 194 201 197 197 209 179 196 197 
198 196 201 197 198 202 185 194 193 190 193 202 193 193 203 195 197 195 206 198 
195 195 197 194 194 193 194 197 197 209 198 197 194 181 194 195 178 194 194 197 
186 197 193 197 198 198 193 191 192 192 194 189 194 194 184 193 194 198 207 198 
193 197 197 193 226 190 197 198 249 193 197 170 195 195 194 178 196 193 207 194 
194 197 271 195 195 176 191 194 195 238 196 197 211 196 195 195 193 193 198 195 
195 208 199 194 197 203 183 194 196 195 169 193 195 196 222 203 194 192 194 167 
194 196 198 193 195 194 197 194 195 193 193 194 194 194 186 196 196 209 199 197 
195 187 194 193 205 205 195 195 197 197 194 177 184 194 195 204 197 194 201 204 
193 182 188 195 195 193 196 199 222 192 207 197 198 193 195 196 194 195 197 197 
195 196 196 195 195 198 194 197 197 199 123 194 197 194 195 193 193 197 188 191 
195 195 197 196 193 198 200 199 203 191 198 195 195 193 195 195 197 197 178 196 
195 206 187 195 194 197 197 197 189 206 202 185 194 197 195 197 204 216 191 204 
195 195 197 197 189 203 197 196 198 196 194 133 199 185 189 194 195 194 195 173 
196 193 194 204 201 194 194 194 194 193 195 196 187 191 192 195 195 194 197 193 
190 200 197 197 194 192 182 192 200 197 195 194 195 194 192 189 203 195 195 197 
197 197 206 189 187 197 195 198 195 194 195 175 217 198 191 197 185 195 193 195 
195 195 181 195 193 189 195 202 197 197 194 195 195 195 195 191 189 196 197 197 
194 194 196 195 195 196 195 195 195 196 211 197 201 197 195 194 197 173 207 198 
195 195 181 190 186 195 195 194 196 195 190 205 196 192 193 196 197 194 196 189 
192 202 195 197 198 195 193 181 196 188 195 197 194 195 194 195 197 194 193 195 
197 198 196 195 195 194 195 126 193 186 193 195 194 195 192 198 191 191 195 205 
198 192 190 193 194 195 192 198 197 167 197 206 186 202 194 195 195 197 195 195 
197 193 244 199 200 212 211 135 191 201 202 195 195 194 197 196 195 193 185 198 
194 194 197 297 209 204 189 195 194 197 194 193 192 197 200 197 193 193 195 195 
185 194 197 195 195 195 194 192 198 194 195 197 195 195 195 194 196 197 206 193 
195 195 195 198 193 196 204 197 193 194 196 194 191 194 193 195 195 198 195 194 
185 220 190 256 199 207 186 192 207 203 195 197 197 194 198 194 177 209 227 194 
195 203 185 197 196 197 197 196 195 203 197 192 210 197 196 195 195 195 197 196 
199 193 193 195 195 198 198 174 195 190 194 195 198 196 193 198 173 194 192 194 
195 197 197 195 193 201 191 197 195 197 194 196 191 186 186 197 194 195 195 158 
222 191 194 197 194 194 194 189 194 195 195 198 196 197 194 193 194 197 197 195 
195 193 195 198 195 162 179 192 179 197 197 194 195 194 195 194 198 193 180 206 
190 195 192 194 196 196 196 197 195 193 189 229 203 193 198 197 195 195 197 195 